316928 40 188
315420 28 920
315420 924 942
315420 954 1748
317475 33 89
317475 105 115
317478 1 23
316455 36 71
316457 1 1454
317484 1 448
317484 467 514
317484 519 545
317488 1 844
316470 1 476
316472 1 71
316472 76 333
316985 33 503
316993 44 254
316994 1 14
316995 1 623
315642 1 92
315973 39 240
315973 262 914
315974 1 71
317527 41 1487
316505 44 205
316505 207 921
316505 923 1364
315489 1 653
315489 672 709
315490 1 24
315506 13 100
315510 1 345
315512 1 1122
317591 43 334
317080 41 66
316569 20 703
316569 742 1945
316058 42 405
316059 1 321
316059 323 567
316060 1 935
316061 1 23
316061 194 206
316062 1 4
317087 43 177
317087 213 222
317087 257 852
317089 1 1003
315555 22 97
315556 1 26
315557 1 279
317212 36 175
316590 17 526
317213 1 375
316082 37 407
316363 1 39
316363 41 49
316613 49 241
316615 1 338
316110 1 210
316111 1 48
316113 1 64
316114 1 777
316114 779 1562
317391 39 46
315689 24 1127
315689 1180 1186
315640 46 87
316153 1 770
316666 1 981
316667 1 197
315644 1 184
316202 1 403
315646 1 1033
315647 1 58
315648 1 110
316186 38 81
316187 1 1091
316187 1093 1100
316187 1207 2077
316700 46 346
316700 388 397
316701 1 479
316702 1 388
316199 33 1197
316200 1 10
316201 1 498
315690 10 654
316715 33 45
316716 1 181
316717 1 192
316719 1 91
316719 100 144
316720 1 182
316721 1 15
316722 1 751
316723 1 64
315702 38 113
315703 1 545
316216 25 466
316217 1 264
316218 1 1008
316219 1 283
315713 35 359
315713 374 385
315713 400 1123
315721 33 50
315721 56 626
316239 38 626
316240 1 1224
315704 1 61
316758 11 1609
315705 1 700
315741 34 92
316766 51 1920
316766 1922 2199
317279 43 508
317292 1 330
316271 36 121
317297 1 283
317297 347 760
315764 37 309
315257 1 88
315257 91 92
315770 39 332
315259 1 172
315264 32 261
315265 4 58
315267 1 244
315270 1 633
317319 44 182
317320 1 326
317320 333 411
317320 413 1827
315785 1 198
315785 201 305
315786 1 72
315543 55 171
315790 1 716
315790 718 922
315801 1 344
317338 66 107
317340 1 418
315322 23 118
315322 122 1354
315840 33 1154
317382 58 128
317383 1 58
316361 22 124
316361 126 131
316361 133 135
316361 137 137
316361 139 142
316361 144 145
316361 147 147
316361 149 159
316361 161 174
316361 176 178
316361 180 189
316361 191 197
316361 199 208
316361 210 223
316362 1 208
316362 210 212
316362 214 225
316362 227 242
316362 244 269
316362 271 319
316362 332 392
316362 394 395
316362 397 402
316362 404 404
316362 406 410
316362 412 412
316362 414 418
316362 420 428
316362 430 450
315339 37 654
316876 34 38
316876 40 644
316877 1 164
316877 171 401
316879 1 156
317392 1 1116
317392 1119 1900
315641 1 4
316377 19 19
316377 21 40
316378 1 29
316379 1 70
316380 1 708
316380 714 1213
315357 44 732
315357 736 770
315357 780 831
315361 40 619
315363 1 35
315363 37 47
315363 49 67
315363 69 80
315363 82 90
315366 10 61
315366 67 750
316241 1 325
315645 1 40
315645 47 390
315645 395 565
315645 567 594
317182 47 63
317182 65 1424
317435 1 1397
317438 1 68
317438 71 309
